A = 
  [ 2 1 ]
  [ 3 5 ]

B = 
  [ 4 3 ]
  [ 1 2 ]

A (*) B = 
  [ 9 8 ]
  [ 17 19 ]

B (*) A = 
  [ 17 19 ]
  [ 8 11 ]

A = 
  [ 4 2 1 ]
  [ 7 8 5 ]
  [ 9 3 6 ]

B = 
  [ 6 5 2 ]
  [ 9 1 7 ]
  [ 8 3 4 ]

A (*) B = 
  [ 50 25 26 ]
  [ 154 58 90 ]
  [ 129 66 63 ]

B (*) A = 
  [ 77 58 43 ]
  [ 106 47 56 ]
  [ 89 52 47 ]

